#front cube
0 0 100 0 20 100
10 0 100 10 20 100
0 0 100 20 0 100
0 10 100 20 10 100
20 0 100 20 20 100
0 20 100 20 20 100
0 0 120 0 20 120
10 0 120 10 20 120
0 0 120 20 0 120
0 10 120 20 10 120
20 0 120 20 20 120
0 20 120 20 20 120
0 0 100 0 0 120
0 10 100 0 10 120
10 0 100 10 0 120
0 20 100 0 20 120
10 20 100 10 20 120
20 10 100 20 10 120
20 0 100 20 0 120
20 20 100 20 20 120
0 0 110 0 20 110
20 0 110 20 20 110
0 20 110 20 20 110
0 0 110 20 0 110

#back cube
-20 -20 300 -20 20 300
-20 -20 300 20 -20 300
20 -20 300 20 20 300
-20 20 300 20 20 300

-20 -20 340 -20 20 340
-20 -20 340 20 -20 340
20 -20 340 20 20 340
-20 20 340 20 20 340

-20 -20 300 -20 -20 340
-20 20 300 -20 20 340
20 -20 300 20 -20 340
20 20 300 20 20 340