# cube 1
12
0.0 0.0 100.0; 20.0 0.0 100.0; 20.0 0.0 120.0
20.0 0.0 120.0; 0.0 0.0 120.0; 0.0 0.0 100.0
0.0 20.0 100.0; 20.0 20.0 100.0; 20.0 20.0 120.0
20.0 20.0 120.0; 0.0 20.0 120.0; 0.0 20.0 100.0
0.0 0.0 100.0; 20.0 0.0 100.0; 20.0 20.0 100.0
20.0 20.0 100.0; 0.0 20.0 100.0; 0.0 0.0 100.0
0.0 0.0 120.0; 20.0 0.0 120.0; 20.0 20.0 120.0
20.0 20.0 120.0; 0.0 20.0 120.0; 0.0 0.0 120.0
0.0 0.0 120.0; 0.0 0.0 100.0; 0.0 20.0 100.0
0.0 20.0 100.0; 0.0 20.0 120.0; 0.0 0.0 120.0
20.0 0.0 120.0; 20.0 0.0 100.0; 20.0 20.0 100.0
20.0 20.0 100.0; 20.0 20.0 120.0; 20.0 0.0 120.0
0 255 0
# cube 2
12
40.0 0.0 100.0; 70.0 0.0 100.0; 70.0 0.0 130.0
70.0 0.0 130.0; 40.0 0.0 130.0; 40.0 0.0 100.0
40.0 30.0 100.0; 70.0 30.0 100.0; 70.0 30.0 130.0
70.0 30.0 130.0; 40.0 30.0 130.0; 40.0 30.0 100.0
40.0 0.0 100.0; 70.0 0.0 100.0; 70.0 30.0 100.0
70.0 30.0 100.0; 40.0 30.0 100.0; 40.0 0.0 100.0
40.0 0.0 130.0; 70.0 0.0 130.0; 70.0 30.0 130.0
70.0 30.0 130.0; 40.0 30.0 130.0; 40.0 0.0 130.0
40.0 0.0 130.0; 40.0 0.0 100.0; 40.0 30.0 100.0
40.0 30.0 100.0; 40.0 30.0 130.0; 40.0 0.0 130.0
70.0 0.0 130.0; 70.0 0.0 100.0; 70.0 30.0 100.0
70.0 30.0 100.0; 70.0 30.0 130.0; 70.0 0.0 130.0
255 0 0
# cube 3
12
0.0 0.0 130.0; 20.0 0.0 130.0; 20.0 0.0 150.0
20.0 0.0 150.0; 0.0 0.0 150.0; 0.0 0.0 130.0
0.0 20.0 130.0; 20.0 20.0 130.0; 20.0 20.0 150.0
20.0 20.0 150.0; 0.0 20.0 150.0; 0.0 20.0 130.0
0.0 0.0 130.0; 20.0 0.0 130.0; 20.0 20.0 130.0
20.0 20.0 130.0; 0.0 20.0 130.0; 0.0 0.0 130.0
0.0 0.0 150.0; 20.0 0.0 150.0; 20.0 20.0 150.0
20.0 20.0 150.0; 0.0 20.0 150.0; 0.0 0.0 150.0
0.0 0.0 150.0; 0.0 0.0 130.0; 0.0 20.0 130.0
0.0 20.0 130.0; 0.0 20.0 150.0; 0.0 0.0 150.0
20.0 0.0 150.0; 20.0 0.0 130.0; 20.0 20.0 130.0
20.0 20.0 130.0; 20.0 20.0 150.0; 20.0 0.0 150.0
0 0 255
# cube 4
6
0.0 0.0 40.0; 40.0 0.0 40.0; 40.0 0.0 80.0
40.0 0.0 80.0; 0.0 0.0 80.0; 0.0 0.0 40.0
0.0 40.0 40.0; 40.0 40.0 40.0; 40.0 40.0 80.0
40.0 40.0 80.0; 0.0 40.0 80.0; 0.0 40.0 40.0
0.0 0.0 40.0; 40.0 0.0 40.0; 40.0 40.0 40.0
40.0 40.0 40.0; 0.0 40.0 40.0; 0.0 0.0 40.0
50 20 120
# cube 5
12
0.0 -12.5 50.0; 10.0 -12.5 50.0; 10.0 -12.5 60.0
10.0 -12.5 60.0; 0.0 -12.5 60.0; 0.0 -12.5 50.0
0.0 -2.5 50.0; 10.0 -2.5 50.0; 10.0 -2.5 60.0
10.0 -2.5 60.0; 0.0 -2.5 60.0; 0.0 -2.5 50.0
0.0 -12.5 50.0; 10.0 -12.5 50.0; 10.0 -2.5 50.0
10.0 -2.5 50.0; 0.0 -2.5 50.0; 0.0 -12.5 50.0
0.0 -12.5 60.0; 10.0 -12.5 60.0; 10.0 -2.5 60.0
10.0 -2.5 60.0; 0.0 -2.5 60.0; 0.0 -12.5 60.0
0.0 -12.5 60.0; 0.0 -12.5 50.0; 0.0 -2.5 50.0
0.0 -2.5 50.0; 0.0 -2.5 60.0; 0.0 -12.5 60.0
10.0 -12.5 60.0; 10.0 -12.5 50.0; 10.0 -2.5 50.0
10.0 -2.5 50.0; 10.0 -2.5 60.0; 10.0 -12.5 60.0
30 50 210
# cube 6
12
20.0 20.0 50.0; 30.0 20.0 50.0; 30.0 20.0 60.0
30.0 20.0 60.0; 20.0 20.0 60.0; 20.0 20.0 50.0
20.0 30.0 50.0; 30.0 30.0 50.0; 30.0 30.0 60.0
30.0 30.0 60.0; 20.0 30.0 60.0; 20.0 30.0 50.0
20.0 20.0 50.0; 30.0 20.0 50.0; 30.0 30.0 50.0
30.0 30.0 50.0; 20.0 30.0 50.0; 20.0 20.0 50.0
20.0 20.0 60.0; 30.0 20.0 60.0; 30.0 30.0 60.0
30.0 30.0 60.0; 20.0 30.0 60.0; 20.0 20.0 60.0
20.0 20.0 60.0; 20.0 20.0 50.0; 20.0 30.0 50.0
20.0 30.0 50.0; 20.0 30.0 60.0; 20.0 20.0 60.0
30.0 20.0 60.0; 30.0 20.0 50.0; 30.0 30.0 50.0
30.0 30.0 50.0; 30.0 30.0 60.0; 30.0 20.0 60.0
60 140 80
# cube 7
12
0.0 -12.5 200.0; 10.0 -12.5 200.0; 10.0 -12.5 210.0
10.0 -12.5 210.0; 0.0 -12.5 210.0; 0.0 -12.5 200.0
0.0 -2.5 200.0; 10.0 -2.5 200.0; 10.0 -2.5 210.0
10.0 -2.5 210.0; 0.0 -2.5 210.0; 0.0 -2.5 200.0
0.0 -12.5 200.0; 10.0 -12.5 200.0; 10.0 -2.5 200.0
10.0 -2.5 200.0; 0.0 -2.5 200.0; 0.0 -12.5 200.0
0.0 -12.5 210.0; 10.0 -12.5 210.0; 10.0 -2.5 210.0
10.0 -2.5 210.0; 0.0 -2.5 210.0; 0.0 -12.5 210.0
0.0 -12.5 210.0; 0.0 -12.5 200.0; 0.0 -2.5 200.0
0.0 -2.5 200.0; 0.0 -2.5 210.0; 0.0 -12.5 210.0
10.0 -12.5 210.0; 10.0 -12.5 200.0; 10.0 -2.5 200.0
10.0 -2.5 200.0; 10.0 -2.5 210.0; 10.0 -12.5 210.0
160 40 8
# cube 8 
12
100.0 0.0 50.0; 140.0 0.0 50.0; 140.0 0.0 90.0
140.0 0.0 90.0; 100.0 0.0 90.0; 100.0 0.0 50.0
100.0 40.0 50.0; 140.0 40.0 50.0; 140.0 40.0 90.0
140.0 40.0 90.0; 100.0 40.0 90.0; 100.0 40.0 50.0
100.0 0.0 50.0; 140.0 0.0 50.0; 140.0 40.0 50.0
140.0 40.0 50.0; 100.0 40.0 50.0; 100.0 0.0 50.0
100.0 0.0 90.0; 140.0 0.0 90.0; 140.0 40.0 90.0
140.0 40.0 90.0; 100.0 40.0 90.0; 100.0 0.0 90.0
100.0 0.0 90.0; 100.0 0.0 50.0; 100.0 40.0 50.0
100.0 40.0 50.0; 100.0 40.0 90.0; 100.0 0.0 90.0
140.0 0.0 90.0; 140.0 0.0 50.0; 140.0 40.0 50.0
140.0 40.0 50.0; 140.0 40.0 90.0; 140.0 0.0 90.0
160 8 40
# cube 9
12
100.0 -50.0 320.0; 140.0 -50.0 320.0; 140.0 -50.0 360.0
140.0 -50.0 360.0; 100.0 -50.0 360.0; 100.0 -50.0 320.0
100.0 -10.0 320.0; 140.0 -10.0 320.0; 140.0 -10.0 360.0
140.0 -10.0 360.0; 100.0 -10.0 360.0; 100.0 -10.0 320.0
100.0 -50.0 320.0; 140.0 -50.0 320.0; 140.0 -10.0 320.0
140.0 -10.0 320.0; 100.0 -10.0 320.0; 100.0 -50.0 320.0
100.0 -50.0 360.0; 140.0 -50.0 360.0; 140.0 -10.0 360.0
140.0 -10.0 360.0; 100.0 -10.0 360.0; 100.0 -50.0 360.0
100.0 -50.0 360.0; 100.0 -50.0 320.0; 100.0 -10.0 320.0
100.0 -10.0 320.0; 100.0 -10.0 360.0; 100.0 -50.0 360.0
140.0 -50.0 360.0; 140.0 -50.0 320.0; 140.0 -10.0 320.0
140.0 -10.0 320.0; 140.0 -10.0 360.0; 140.0 -50.0 360.0
160 160 40